-864
636
758
-40
216
204
-928
552
834
-475
-226
-143
-905
430
-521
-220
-505
947
760
315
517
-952
539
877
-452
82
856
-1047
769
767
-861
-540
823
1006
749
121
-631
-588
-685
-596
-366
-487
216
507
-860
-226
-426
71
125
-936
-798
378
-651
-57
-1078
840
478
-353
-49
-237
-362
-161
907
811
314
886
799
-722
530
-351
-690
-244
-967
38
424
-83
474
-804
584
-984
-123
1035
385
-638
-302
620
-324
1083
319
951
-567
-907
969
-462
902
-940
-717
650
527
719
619
-259
-852
-477
446
21
-1011
-1054
647
-839
82
57
-890
-219
742
-252
497
-296
-1001
299
299
-195
-4
-618
467
1022
882
-189
-6
213
380
545
568
139
-78
776
200
598
563
420
-697
293
-634
-254
-158
742
906
-795
-825
-394
624
-896
327
292
245
534
-536
-463
-496
299
-908
413
-428
365
-915
1077
459
178
-148
460
48
-700
-313
672
-848
-561
-581
650
790
484
-181
1043
698
90
-246
-647
-108
-64
-593
890
408
57
-789
834
-902
505
-716
374
-250
-511
973
-1053
1071
646
102
726
876
-798
-454
-280
395
83
714
-1083
-495
-304
-77
931
906
965
414
929
40
863
34
-749
534
72
393
546
360
135
818
660
-144
231
-769
830
-944
-997
454
-237
538
119
-601
541
-725
-1008
-196
877
710
-462
803
170
492
562
183
-313
-442
-814
-843
-670
323
742
341
763
352
48
114
-492
-877
-316
526
881
-499
613
-905
-482
-364
702
736
399
86
1017
-678
653
466
-396
-399
-848
-188
505
8
-679
513
-855
-43
-872
433
178
-914
141
-380
-65
1014
-92
-53
568
915
345
150
-1075
123
544
-63
-1061
474
-989
220
117
-924
-529
275
916
701
189
-36
-645
-607
263
-166
-717
-397
-550
1068
908
1040
-792
494
700
29
1048
208
366
-553
93
-931
587
418
-145
198
-747
-931
-447
636
-1034
-547
977
401
488
-42
-498
-166
-947
794
741
756
353
-316
494
-363
110
973
121
-948
-1017
244
631
-816
401
254
574
-926
-314
-918
-957
-8
-224
-444
-697
-785
854
-317
746
140
-238
544
448
405
634
735
997
1029
-425
-462
-782
-194
-717
486
852
1062
-1049
-55
535
319
45
-344
-226
964
-21
13
224
852
960
791
381
-180
431
-222
-899
-411
-1099
-455
-1050
-837
998
-783
-806
-500
-157
-836
-468
969
866
-743
-379
-53
841
22
307
-366
-396
1080
-403
-59
-1019
674
-369
412
-765
-763
430
-878
-1062
499
-9
1007
880
166
1027
539
521
-626
-1075
-666
583
-904
-479
465
-221
-693
749
-878
338
22
807
-97
-879
968
-404
973
-683
1048
252
-316
-298
178
-321
-653
23
323
815
1039
-388
734
609
1035
860
725
997
522
80
788
377
-546
-933
377
-958
993
852
294
-110
879
-46
159
1041
748
-827
-749
137
-280
371
-11
-463
-849
-726
-813
20
368
-1020
-524
122
-576
-248
-843
-1023
188
226
1026
1063
97
-598
-496
1000
756
548
674
-246
1045
945
-859
-842
-861
-741
987
-659
-798
395
-943
477
467
-180
-841
24
958
367
-443
138
-71
1097
-55
237
-261
940
782
720
-18
-980
540
406
-631
536
375
-59
-831
328
-795
-372
234
-171
-451
329
-89
207
233
-351
744
673
1058
491
-631
-1071
88
219
102
-1010
91
-768
470
-660
526
35
682
-651
318
1
409
758
488
-158
-321
888
-726
-250
283
475
549
-132
-247
600
326
295
-278
185
706
683
-823
380
-764
-659
-134
-138
-852
-278
63
-1004
-23
997
849
-350
861
837
832
-233
1073
524
-679
-476
-887
258
-500
-123
-752
-117
207
-580
-82
-323
-124
-501
-670
242
869
1015
-196
-1091
-433
-1081
508
-855
664
-113
1090
-971
-328
167
345
1018
564
-1047
-315
599
-134
643
260
-1084
-307
180
-825
-685
446
-126
67
-1028
716
-341
87
571
-11
-63
-503
-993
-1051
-310
-236
-396
-873
-96
-10
751
-329
-429
-581
955
315
-223
871
-26
-551
667
164
-236
-917
171
464
-566
-1070
-434
-358
11
960
603
661
362
-660
257
-24
-655
-572
906
881
-326
-504
-635
-967
-359
502
158
506
-627
-177
938
836
73
-278
432
-1054
-887
424
-410
426
-218
828
1014
1027
1072
203
654
-28
970
491
-816
609
-1007
-222
-198
1030
-907
-327
-1041
236
-640
723
668
382
976
919
125
203
-717
-565
961
-660
-636
21
-803
558
-901
-763
973
-614
-430
-98
-255
806
-743
511
107
1096
-991
-241
758
131
682
-1017
-65
465
971
-461
265
254
158
-387
816
-249
259
-174
-909
-414
322
-842
284
-1048
936
-510
367
-513
-315
-334
1040
1092
-359
-557
-411
848
781
-880
-296
-527
139
-1070
-71
566
229
-743
60
-180
430
-998
600
107
-995
-835
-875
-198
896
992
-756
-139
982
236
938
-10
782
-419
-833
483
128
196
-798
127
-707
762
-747
-838
-270
-418
837
200
-496
288
648
-791
-290
342
927
497
728
628
793
-486
1048
-1056
-125
-740
655
769
-1039
793
198
352
956
451
662
244
-387
182
804
986
641
746
506
836
657
449
-163
-672
-897
-557
-618
405
-515
-444
1039
-512
-512
-164
-1082
892
-649
-623
918
499
95
-321
-1078
-445
-762
1080
-490
416
710
-926
-638
-927
-763
774
-595
547
-1
93
-59
581
180
-212
408
-491
-771
-207
857
-1059
-383
684
-261
-875
368
-199
-325
271
-255
